B = 
0.000000e+000   9.775171e-004   1.955034e-003   2.932551e-003
3.910068e-003   4.887586e-003   5.865103e-003   6.842620e-003
7.820137e-003   8.797654e-003   9.775171e-003   1.075269e-002
1.173021e-002   1.270772e-002   1.368524e-002   1.466276e-002
1.564027e-002   1.661779e-002   1.759531e-002   1.857283e-002
1.955034e-002   2.052786e-002   2.150538e-002   2.248289e-002
2.346041e-002   2.443793e-002   2.541544e-002   2.639296e-002
2.737048e-002   2.834800e-002   2.932551e-002   3.030303e-002
3.128055e-002   3.225806e-002   3.323558e-002   3.421310e-002
3.519062e-002   3.616813e-002   3.714565e-002   3.812317e-002
3.910068e-002   4.007820e-002   4.105572e-002   4.203324e-002
4.301075e-002   4.398827e-002   4.496579e-002   4.594330e-002
4.692082e-002   4.789834e-002   4.887586e-002   4.985337e-002
5.083089e-002   5.180841e-002   5.278592e-002   5.376344e-002
5.474096e-002   5.571848e-002   5.669599e-002   5.767351e-002
5.865103e-002   5.962854e-002   6.060606e-002   6.158358e-002
6.256109e-002   6.353861e-002   6.451613e-002   6.549365e-002
6.647116e-002   6.744868e-002   6.842620e-002   6.940371e-002
7.038123e-002   7.135875e-002   7.233627e-002   7.331378e-002
7.429130e-002   7.526882e-002   7.624633e-002   7.722385e-002
7.820137e-002   7.917889e-002   8.015640e-002   8.113392e-002
8.211144e-002   8.308895e-002   8.406647e-002   8.504399e-002
8.602151e-002   8.699902e-002   8.797654e-002   8.895406e-002
8.993157e-002   9.090909e-002   9.188661e-002   9.286413e-002
9.384164e-002   9.481916e-002   9.579668e-002   9.677419e-002
9.775171e-002   9.872923e-002   9.970674e-002   1.006843e-001
1.016618e-001   1.026393e-001   1.036168e-001   1.045943e-001
1.055718e-001   1.065494e-001   1.075269e-001   1.085044e-001
1.094819e-001   1.104594e-001   1.114370e-001   1.124145e-001
1.133920e-001   1.143695e-001   1.153470e-001   1.163245e-001
1.173021e-001   1.182796e-001   1.192571e-001   1.202346e-001
1.212121e-001   1.221896e-001   1.231672e-001   1.241447e-001
1.251222e-001   1.260997e-001   1.270772e-001   1.280547e-001
1.290323e-001   1.300098e-001   1.309873e-001   1.319648e-001
1.329423e-001   1.339198e-001   1.348974e-001   1.358749e-001
1.368524e-001   1.378299e-001   1.388074e-001   1.397849e-001
1.407625e-001   1.417400e-001   1.427175e-001   1.436950e-001
1.446725e-001   1.456500e-001   1.466276e-001   1.476051e-001
1.485826e-001   1.495601e-001   1.505376e-001   1.515152e-001
1.524927e-001   1.534702e-001   1.544477e-001   1.554252e-001
1.564027e-001   1.573803e-001   1.583578e-001   1.593353e-001
1.603128e-001   1.612903e-001   1.622678e-001   1.632454e-001
1.642229e-001   1.652004e-001   1.661779e-001   1.671554e-001
1.681329e-001   1.691105e-001   1.700880e-001   1.710655e-001
1.720430e-001   1.730205e-001   1.739980e-001   1.749756e-001
1.759531e-001   1.769306e-001   1.779081e-001   1.788856e-001
1.798631e-001   1.808407e-001   1.818182e-001   1.827957e-001
1.837732e-001   1.847507e-001   1.857283e-001   1.867058e-001
1.876833e-001   1.886608e-001   1.896383e-001   1.906158e-001
1.915934e-001   1.925709e-001   1.935484e-001   1.945259e-001
1.955034e-001   1.964809e-001   1.974585e-001   1.984360e-001
1.994135e-001   2.003910e-001   2.013685e-001   2.023460e-001
2.033236e-001   2.043011e-001   2.052786e-001   2.062561e-001
2.072336e-001   2.082111e-001   2.091887e-001   2.101662e-001
2.111437e-001   2.121212e-001   2.130987e-001   2.140762e-001
2.150538e-001   2.160313e-001   2.170088e-001   2.179863e-001
2.189638e-001   2.199413e-001   2.209189e-001   2.218964e-001
2.228739e-001   2.238514e-001   2.248289e-001   2.258065e-001
2.267840e-001   2.277615e-001   2.287390e-001   2.297165e-001
2.306940e-001   2.316716e-001   2.326491e-001   2.336266e-001
2.346041e-001   2.355816e-001   2.365591e-001   2.375367e-001
2.385142e-001   2.394917e-001   2.404692e-001   2.414467e-001
2.424242e-001   2.434018e-001   2.443793e-001   2.453568e-001
2.463343e-001   2.473118e-001   2.482893e-001   2.492669e-001
2.502444e-001   2.512219e-001   2.521994e-001   2.531769e-001
2.541544e-001   2.551320e-001   2.561095e-001   2.570870e-001
2.580645e-001   2.590420e-001   2.600196e-001   2.609971e-001
2.619746e-001   2.629521e-001   2.639296e-001   2.649071e-001
2.658847e-001   2.668622e-001   2.678397e-001   2.688172e-001
2.697947e-001   2.707722e-001   2.717498e-001   2.727273e-001
2.737048e-001   2.746823e-001   2.756598e-001   2.766373e-001
2.776149e-001   2.785924e-001   2.795699e-001   2.805474e-001
2.815249e-001   2.825024e-001   2.834800e-001   2.844575e-001
2.854350e-001   2.864125e-001   2.873900e-001   2.883675e-001
2.893451e-001   2.903226e-001   2.913001e-001   2.922776e-001
2.932551e-001   2.942326e-001   2.952102e-001   2.961877e-001
2.971652e-001   2.981427e-001   2.991202e-001   3.000978e-001
3.010753e-001   3.020528e-001   3.030303e-001   3.040078e-001
3.049853e-001   3.059629e-001   3.069404e-001   3.079179e-001
3.088954e-001   3.098729e-001   3.108504e-001   3.118280e-001
3.128055e-001   3.137830e-001   3.147605e-001   3.157380e-001
3.167155e-001   3.176931e-001   3.186706e-001   3.196481e-001
3.206256e-001   3.216031e-001   3.225806e-001   3.235582e-001
3.245357e-001   3.255132e-001   3.264907e-001   3.274682e-001
3.284457e-001   3.294233e-001   3.304008e-001   3.313783e-001
3.323558e-001   3.333333e-001   3.343109e-001   3.352884e-001
3.362659e-001   3.372434e-001   3.382209e-001   3.391984e-001
3.401760e-001   3.411535e-001   3.421310e-001   3.431085e-001
3.440860e-001   3.450635e-001   3.460411e-001   3.470186e-001
3.479961e-001   3.489736e-001   3.499511e-001   3.509286e-001
3.519062e-001   3.528837e-001   3.538612e-001   3.548387e-001
3.558162e-001   3.567937e-001   3.577713e-001   3.587488e-001
3.597263e-001   3.607038e-001   3.616813e-001   3.626588e-001
3.636364e-001   3.646139e-001   3.655914e-001   3.665689e-001
3.675464e-001   3.685239e-001   3.695015e-001   3.704790e-001
3.714565e-001   3.724340e-001   3.734115e-001   3.743891e-001
3.753666e-001   3.763441e-001   3.773216e-001   3.782991e-001
3.792766e-001   3.802542e-001   3.812317e-001   3.822092e-001
3.831867e-001   3.841642e-001   3.851417e-001   3.861193e-001
3.870968e-001   3.880743e-001   3.890518e-001   3.900293e-001
3.910068e-001   3.919844e-001   3.929619e-001   3.939394e-001
3.949169e-001   3.958944e-001   3.968719e-001   3.978495e-001
3.988270e-001   3.998045e-001   4.007820e-001   4.017595e-001
4.027370e-001   4.037146e-001   4.046921e-001   4.056696e-001
4.066471e-001   4.076246e-001   4.086022e-001   4.095797e-001
4.105572e-001   4.115347e-001   4.125122e-001   4.134897e-001
4.144673e-001   4.154448e-001   4.164223e-001   4.173998e-001
4.183773e-001   4.193548e-001   4.203324e-001   4.213099e-001
4.222874e-001   4.232649e-001   4.242424e-001   4.252199e-001
4.261975e-001   4.271750e-001   4.281525e-001   4.291300e-001
4.301075e-001   4.310850e-001   4.320626e-001   4.330401e-001
4.340176e-001   4.349951e-001   4.359726e-001   4.369501e-001
4.379277e-001   4.389052e-001   4.398827e-001   4.408602e-001
4.418377e-001   4.428152e-001   4.437928e-001   4.447703e-001
4.457478e-001   4.467253e-001   4.477028e-001   4.486804e-001
4.496579e-001   4.506354e-001   4.516129e-001   4.525904e-001
4.535679e-001   4.545455e-001   4.555230e-001   4.565005e-001
4.574780e-001   4.584555e-001   4.594330e-001   4.604106e-001
4.613881e-001   4.623656e-001   4.633431e-001   4.643206e-001
4.652981e-001   4.662757e-001   4.672532e-001   4.682307e-001
4.692082e-001   4.701857e-001   4.711632e-001   4.721408e-001
4.731183e-001   4.740958e-001   4.750733e-001   4.760508e-001
4.770283e-001   4.780059e-001   4.789834e-001   4.799609e-001
4.809384e-001   4.819159e-001   4.828935e-001   4.838710e-001
4.848485e-001   4.858260e-001   4.868035e-001   4.877810e-001
4.887586e-001   4.897361e-001   4.907136e-001   4.916911e-001
4.926686e-001   4.936461e-001   4.946237e-001   4.956012e-001
4.965787e-001   4.975562e-001   4.985337e-001   4.995112e-001
5.004888e-001   5.014663e-001   5.024438e-001   5.034213e-001
5.043988e-001   5.053763e-001   5.063539e-001   5.073314e-001
5.083089e-001   5.092864e-001   5.102639e-001   5.112414e-001
5.122190e-001   5.131965e-001   5.141740e-001   5.151515e-001
5.161290e-001   5.171065e-001   5.180841e-001   5.190616e-001
5.200391e-001   5.210166e-001   5.219941e-001   5.229717e-001
5.239492e-001   5.249267e-001   5.259042e-001   5.268817e-001
5.278592e-001   5.288368e-001   5.298143e-001   5.307918e-001
5.317693e-001   5.327468e-001   5.337243e-001   5.347019e-001
5.356794e-001   5.366569e-001   5.376344e-001   5.386119e-001
5.395894e-001   5.405670e-001   5.415445e-001   5.425220e-001
5.434995e-001   5.444770e-001   5.454545e-001   5.464321e-001
5.474096e-001   5.483871e-001   5.493646e-001   5.503421e-001
5.513196e-001   5.522972e-001   5.532747e-001   5.542522e-001
5.552297e-001   5.562072e-001   5.571848e-001   5.581623e-001
5.591398e-001   5.601173e-001   5.610948e-001   5.620723e-001
5.630499e-001   5.640274e-001   5.650049e-001   5.659824e-001
5.669599e-001   5.679374e-001   5.689150e-001   5.698925e-001
5.708700e-001   5.718475e-001   5.728250e-001   5.738025e-001
5.747801e-001   5.757576e-001   5.767351e-001   5.777126e-001
5.786901e-001   5.796676e-001   5.806452e-001   5.816227e-001
5.826002e-001   5.835777e-001   5.845552e-001   5.855327e-001
5.865103e-001   5.874878e-001   5.884653e-001   5.894428e-001
5.904203e-001   5.913978e-001   5.923754e-001   5.933529e-001
5.943304e-001   5.953079e-001   5.962854e-001   5.972630e-001
5.982405e-001   5.992180e-001   6.001955e-001   6.011730e-001
6.021505e-001   6.031281e-001   6.041056e-001   6.050831e-001
6.060606e-001   6.070381e-001   6.080156e-001   6.089932e-001
6.099707e-001   6.109482e-001   6.119257e-001   6.129032e-001
6.138807e-001   6.148583e-001   6.158358e-001   6.168133e-001
6.177908e-001   6.187683e-001   6.197458e-001   6.207234e-001
6.217009e-001   6.226784e-001   6.236559e-001   6.246334e-001
6.256109e-001   6.265885e-001   6.275660e-001   6.285435e-001
6.295210e-001   6.304985e-001   6.314761e-001   6.324536e-001
6.334311e-001   6.344086e-001   6.353861e-001   6.363636e-001
6.373412e-001   6.383187e-001   6.392962e-001   6.402737e-001
6.412512e-001   6.422287e-001   6.432063e-001   6.441838e-001
6.451613e-001   6.461388e-001   6.471163e-001   6.480938e-001
6.490714e-001   6.500489e-001   6.510264e-001   6.520039e-001
6.529814e-001   6.539589e-001   6.549365e-001   6.559140e-001
6.568915e-001   6.578690e-001   6.588465e-001   6.598240e-001
6.608016e-001   6.617791e-001   6.627566e-001   6.637341e-001
6.647116e-001   6.656891e-001   6.666667e-001   6.676442e-001
6.686217e-001   6.695992e-001   6.705767e-001   6.715543e-001
6.725318e-001   6.735093e-001   6.744868e-001   6.754643e-001
6.764418e-001   6.774194e-001   6.783969e-001   6.793744e-001
6.803519e-001   6.813294e-001   6.823069e-001   6.832845e-001
6.842620e-001   6.852395e-001   6.862170e-001   6.871945e-001
6.881720e-001   6.891496e-001   6.901271e-001   6.911046e-001
6.920821e-001   6.930596e-001   6.940371e-001   6.950147e-001
6.959922e-001   6.969697e-001   6.979472e-001   6.989247e-001
6.999022e-001   7.008798e-001   7.018573e-001   7.028348e-001
7.038123e-001   7.047898e-001   7.057674e-001   7.067449e-001
7.077224e-001   7.086999e-001   7.096774e-001   7.106549e-001
7.116325e-001   7.126100e-001   7.135875e-001   7.145650e-001
7.155425e-001   7.165200e-001   7.174976e-001   7.184751e-001
7.194526e-001   7.204301e-001   7.214076e-001   7.223851e-001
7.233627e-001   7.243402e-001   7.253177e-001   7.262952e-001
7.272727e-001   7.282502e-001   7.292278e-001   7.302053e-001
7.311828e-001   7.321603e-001   7.331378e-001   7.341153e-001
7.350929e-001   7.360704e-001   7.370479e-001   7.380254e-001
7.390029e-001   7.399804e-001   7.409580e-001   7.419355e-001
7.429130e-001   7.438905e-001   7.448680e-001   7.458456e-001
7.468231e-001   7.478006e-001   7.487781e-001   7.497556e-001
7.507331e-001   7.517107e-001   7.526882e-001   7.536657e-001
7.546432e-001   7.556207e-001   7.565982e-001   7.575758e-001
7.585533e-001   7.595308e-001   7.605083e-001   7.614858e-001
7.624633e-001   7.634409e-001   7.644184e-001   7.653959e-001
7.663734e-001   7.673509e-001   7.683284e-001   7.693060e-001
7.702835e-001   7.712610e-001   7.722385e-001   7.732160e-001
7.741935e-001   7.751711e-001   7.761486e-001   7.771261e-001
7.781036e-001   7.790811e-001   7.800587e-001   7.810362e-001
7.820137e-001   7.829912e-001   7.839687e-001   7.849462e-001
7.859238e-001   7.869013e-001   7.878788e-001   7.888563e-001
7.898338e-001   7.908113e-001   7.917889e-001   7.927664e-001
7.937439e-001   7.947214e-001   7.956989e-001   7.966764e-001
7.976540e-001   7.986315e-001   7.996090e-001   8.005865e-001
8.015640e-001   8.025415e-001   8.035191e-001   8.044966e-001
8.054741e-001   8.064516e-001   8.074291e-001   8.084066e-001
8.093842e-001   8.103617e-001   8.113392e-001   8.123167e-001
8.132942e-001   8.142717e-001   8.152493e-001   8.162268e-001
8.172043e-001   8.181818e-001   8.191593e-001   8.201369e-001
8.211144e-001   8.220919e-001   8.230694e-001   8.240469e-001
8.250244e-001   8.260020e-001   8.269795e-001   8.279570e-001
8.289345e-001   8.299120e-001   8.308895e-001   8.318671e-001
8.328446e-001   8.338221e-001   8.347996e-001   8.357771e-001
8.367546e-001   8.377322e-001   8.387097e-001   8.396872e-001
8.406647e-001   8.416422e-001   8.426197e-001   8.435973e-001
8.445748e-001   8.455523e-001   8.465298e-001   8.475073e-001
8.484848e-001   8.494624e-001   8.504399e-001   8.514174e-001
8.523949e-001   8.533724e-001   8.543500e-001   8.553275e-001
8.563050e-001   8.572825e-001   8.582600e-001   8.592375e-001
8.602151e-001   8.611926e-001   8.621701e-001   8.631476e-001
8.641251e-001   8.651026e-001   8.660802e-001   8.670577e-001
8.680352e-001   8.690127e-001   8.699902e-001   8.709677e-001
8.719453e-001   8.729228e-001   8.739003e-001   8.748778e-001
8.758553e-001   8.768328e-001   8.778104e-001   8.787879e-001
8.797654e-001   8.807429e-001   8.817204e-001   8.826979e-001
8.836755e-001   8.846530e-001   8.856305e-001   8.866080e-001
8.875855e-001   8.885630e-001   8.895406e-001   8.905181e-001
8.914956e-001   8.924731e-001   8.934506e-001   8.944282e-001
8.954057e-001   8.963832e-001   8.973607e-001   8.983382e-001
8.993157e-001   9.002933e-001   9.012708e-001   9.022483e-001
9.032258e-001   9.042033e-001   9.051808e-001   9.061584e-001
9.071359e-001   9.081134e-001   9.090909e-001   9.100684e-001
9.110459e-001   9.120235e-001   9.130010e-001   9.139785e-001
9.149560e-001   9.159335e-001   9.169110e-001   9.178886e-001
9.188661e-001   9.198436e-001   9.208211e-001   9.217986e-001
9.227761e-001   9.237537e-001   9.247312e-001   9.257087e-001
9.266862e-001   9.276637e-001   9.286413e-001   9.296188e-001
9.305963e-001   9.315738e-001   9.325513e-001   9.335288e-001
9.345064e-001   9.354839e-001   9.364614e-001   9.374389e-001
9.384164e-001   9.393939e-001   9.403715e-001   9.413490e-001
9.423265e-001   9.433040e-001   9.442815e-001   9.452590e-001
9.462366e-001   9.472141e-001   9.481916e-001   9.491691e-001
9.501466e-001   9.511241e-001   9.521017e-001   9.530792e-001
9.540567e-001   9.550342e-001   9.560117e-001   9.569892e-001
9.579668e-001   9.589443e-001   9.599218e-001   9.608993e-001
9.618768e-001   9.628543e-001   9.638319e-001   9.648094e-001
9.657869e-001   9.667644e-001   9.677419e-001   9.687195e-001
9.696970e-001   9.706745e-001   9.716520e-001   9.726295e-001
9.736070e-001   9.745846e-001   9.755621e-001   9.765396e-001
9.775171e-001   9.784946e-001   9.794721e-001   9.804497e-001
9.814272e-001   9.824047e-001   9.833822e-001   9.843597e-001
9.853372e-001   9.863148e-001   9.872923e-001   9.882698e-001
9.892473e-001   9.902248e-001   9.912023e-001   9.921799e-001
9.931574e-001   9.941349e-001   9.951124e-001   9.960899e-001
9.970674e-001   9.980450e-001   9.990225e-001   1.000000e+000
g0 = 
-inf   -6.51757   -5.90056   -5.55758   -5.32312   -5.14649   -5.00557   -4.88859   -4.78862   -4.70112   -4.62367   -4.55474   -4.49242   -4.43549   -4.38306   -4.33451   -4.28926   -4.2469   -4.20712   -4.16955   -4.13395   -4.10024   -4.06822   -4.03761   -4.00831   -3.98019   -3.95317   -3.92713   -3.902   -3.87772   -3.85422   -3.83152   -3.80964   -3.78839   -3.76773   -3.74764   -3.72807   -3.709   -3.6904   -3.67226   -3.65454   -3.63724   -3.62046   -3.60403   -3.58793   -3.57215   -3.55665   -3.54136   -3.52637   -3.51177   -3.49747   -3.48345   -3.46978   -3.45637   -3.4432   -3.43024   -3.4175   -3.40496   -3.39262   -3.38046   -3.36847   -3.35666   -3.34508   -3.33369   -3.32245   -3.31137   -3.30043   -3.28962   -3.27895   -3.26841   -3.25798   -3.24767   -3.2375   -3.22748   -3.21757   -3.20775   -3.19804   -3.18841   -3.17888   -3.16944   -3.16012   -3.15088   -3.14176   -3.13278   -3.12389   -3.11509   -3.10638   -3.09775   -3.0892   -3.08073   -3.07234   -3.06402   -3.05578   -3.04763   -3.03956   -3.03156   -3.02361   -3.01574   -3.00793   -3.00018   -2.99249   -2.98486   -2.9773   -2.96982   -2.96241   -2.95505   -2.94774   -2.9405   -2.9333   -2.92616   -2.91906   -2.91201   -2.905   -2.89805   -2.89117   -2.88432   -2.87752   -2.87077   -2.86406   -2.85739   -2.85076   -2.84418   -2.83764   -2.83116   -2.82473   -2.81836   -2.81203   -2.80575   -2.79951   -2.79331   -2.78715   -2.78102   -2.77494   -2.76888   -2.76287   -2.75689   -2.75094   -2.74503   -2.73915   -2.73329   -2.72747   -2.72167   -2.7159   -2.71016   -2.70445   -2.69877   -2.69312   -2.6875   -2.68191   -2.67635   -2.67082   -2.66532   -2.65984   -2.6544   -2.64898   -2.6436   -2.63824   -2.63291   -2.62761   -2.62233   -2.61708   -2.61186   -2.60666   -2.60148   -2.59632   -2.59119   -2.58607   -2.58097   -2.57589   -2.57082   -2.56578   -2.56074   -2.55573   -2.55074   -2.54577   -2.54082   -2.53587   -2.53095   -2.52605   -2.52116   -2.51628   -2.51143   -2.5066   -2.5018   -2.49701   -2.49224   -2.48749   -2.48276   -2.47805   -2.47335   -2.46867   -2.46401   -2.45936   -2.45473   -2.45011   -2.44551   -2.44091   -2.43633   -2.43176   -2.42721   -2.42267   -2.41814   -2.41363   -2.40913   -2.40465   -2.40017   -2.3957   -2.39124   -2.3868   -2.38236   -2.37793   -2.37352   -2.36912   -2.36474   -2.36037   -2.35602   -2.35168   -2.34734   -2.34302   -2.33872   -2.33442   -2.33015   -2.32589   -2.32165   -2.31742   -2.31322   -2.30902   -2.30483   -2.30066   -2.2965   -2.29235   -2.28822   -2.2841   -2.28   -2.27591   -2.27183   -2.26776   -2.26369   -2.25964   -2.2556   -2.25158   -2.24756   -2.24355   -2.23956   -2.23557   -2.23159   -2.22761   -2.22364   -2.21967   -2.21571   -2.21176   -2.20782   -2.20389   -2.19997   -2.19607   -2.19218   -2.18829   -2.18442   -2.18055   -2.17669   -2.17285   -2.16901   -2.16519   -2.16138   -2.15759   -2.1538   -2.15002   -2.14625   -2.14248   -2.13872   -2.13498   -2.13124   -2.1275   -2.12378   -2.12006   -2.11635   -2.11264   -2.10893   -2.10522   -2.10152   -2.09783   -2.09414   -2.09046   -2.08679   -2.08312   -2.07946   -2.0758   -2.07215   -2.0685   -2.06485   -2.06122   -2.0576   -2.05399   -2.0504   -2.04681   -2.04324   -2.03967   -2.03612   -2.03256   -2.02902   -2.02548   -2.02195   -2.01843   -2.01492   -2.01141   -2.00792   -2.00443   -2.00094   -1.99746   -1.99398   -1.99051   -1.98704   -1.98359   -1.98014   -1.97669   -1.97325   -1.96982   -1.96639   -1.96296   -1.95954   -1.95612   -1.95271   -1.94932   -1.94593   -1.94254   -1.93917   -1.9358   -1.93245   -1.92909   -1.92574   -1.9224   -1.91907   -1.91575   -1.91243   -1.90913   -1.90583   -1.90254   -1.89926   -1.89598   -1.89269   -1.88942   -1.88615   -1.88288   -1.87962   -1.87637   -1.87312   -1.86987   -1.86663   -1.86339   -1.86014   -1.8569   -1.85366   -1.85042   -1.8472   -1.84398   -1.84077   -1.83758   -1.83439   -1.8312   -1.82802   -1.82484   -1.82167   -1.81851   -1.81536   -1.81221   -1.80906   -1.80592   -1.80279   -1.79966   -1.79653   -1.7934   -1.79027   -1.78715   -1.78403   -1.78091   -1.7778   -1.77469   -1.77159   -1.76849   -1.76539   -1.76229   -1.75919   -1.7561   -1.75301   -1.74993   -1.74685   -1.74378   -1.74071   -1.73765   -1.73459   -1.73153   -1.72847   -1.72543   -1.72239   -1.71935   -1.71632   -1.7133   -1.71028   -1.70727   -1.70426   -1.70126   -1.69825   -1.69526   -1.69226   -1.68928   -1.6863   -1.68332   -1.68035   -1.67739   -1.67443   -1.67147   -1.66851   -1.66556   -1.66261   -1.65966   -1.65672   -1.65379   -1.65086   -1.64793   -1.64501   -1.64209   -1.63917   -1.63625   -1.63334   -1.63044   -1.62755   -1.62465   -1.62177   -1.61889   -1.61601   -1.61314   -1.61027   -1.60741   -1.60455   -1.60169   -1.59884   -1.59599   -1.59315   -1.59031   -1.58747   -1.58464   -1.5818   -1.57897   -1.57614   -1.57331   -1.57048   -1.56766   -1.56485   -1.56203   -1.55922   -1.55641   -1.5536   -1.55079   -1.54798   -1.54518   -1.54238   -1.53959   -1.53681   -1.53402   -1.53125   -1.52847   -1.5257   -1.52293   -1.52016   -1.5174   -1.51464   -1.51188   -1.50913   -1.50638   -1.50364   -1.50089   -1.49815   -1.49541   -1.49267   -1.48993   -1.4872   -1.48447   -1.48174   -1.47902   -1.4763   -1.47359   -1.47087   -1.46816   -1.46545   -1.46274   -1.46003   -1.45733   -1.45463   -1.45193   -1.44924   -1.44654   -1.44385   -1.44115   -1.43846   -1.43577   -1.43309   -1.4304   -1.42772   -1.42504   -1.42237   -1.4197   -1.41703   -1.41436   -1.41169   -1.40903   -1.40637   -1.40372   -1.40106   -1.39842   -1.39577   -1.39313   -1.39049   -1.38786   -1.38522   -1.38259   -1.37996   -1.37733   -1.3747   -1.37208   -1.36945   -1.36683   -1.3642   -1.36158   -1.35896   -1.35634   -1.35372   -1.3511   -1.34849   -1.34588   -1.34327   -1.34065   -1.33805   -1.33544   -1.33283   -1.33022   -1.32761   -1.32501   -1.32241   -1.31981   -1.31721   -1.31462   -1.31203   -1.30944   -1.30685   -1.30426   -1.30168   -1.29909   -1.29651   -1.29393   -1.29135   -1.28877   -1.2862   -1.28362   -1.28105   -1.27848   -1.27591   -1.27335   -1.27079   -1.26823   -1.26568   -1.26313   -1.26058   -1.25804   -1.2555   -1.25297   -1.25044   -1.24791   -1.24539   -1.24287   -1.24036   -1.23785   -1.23533   -1.23283   -1.23032   -1.22781   -1.22531   -1.22281   -1.22031   -1.21781   -1.21531   -1.21282   -1.21033   -1.20784   -1.20535   -1.20286   -1.20037   -1.19788   -1.1954   -1.19291   -1.19042   -1.18793   -1.18544   -1.18296   -1.18048   -1.17799   -1.17551   -1.17303   -1.17055   -1.16807   -1.16559   -1.16312   -1.16064   -1.15817   -1.1557   -1.15323   -1.15077   -1.1483   -1.14583   -1.14337   -1.14091   -1.13844   -1.13598   -1.13352   -1.13107   -1.12861   -1.12615   -1.12368   -1.12122   -1.11876   -1.1163   -1.11384   -1.11138   -1.10892   -1.10646   -1.104   -1.10153   -1.09907   -1.0966   -1.09413   -1.09167   -1.08921   -1.08674   -1.08428   -1.08182   -1.07937   -1.0769   -1.07444   -1.07198   -1.06953   -1.06707   -1.06461   -1.06216   -1.0597   -1.05725   -1.0548   -1.05235   -1.04989   -1.04744   -1.04499   -1.04254   -1.04009   -1.03764   -1.03519   -1.03274   -1.0303   -1.02785   -1.02541   -1.02296   -1.02051   -1.01807   -1.01563   -1.01319   -1.01075   -1.00831   -1.00588   -1.00345   -1.00101   -0.998573   -0.996137   -0.993704   -0.991274   -0.988847   -0.986422   -0.984   -0.981579   -0.979162   -0.976738   -0.974316   -0.971895   -0.969474   -0.967057   -0.964641   -0.962227   -0.959813   -0.957401   -0.954989   -0.952573   -0.950154   -0.947736   -0.945319   -0.942903   -0.940488   -0.938075   -0.935662   -0.93325   -0.930838   -0.928423   -0.926001   -0.923581   -0.921161   -0.918742   -0.916324   -0.913908   -0.911492   -0.909076   -0.906661   -0.904246   -0.901821   -0.899396   -0.896973   -0.894552   -0.892132   -0.889713   -0.887294   -0.884876   -0.882459   -0.880043   -0.877617   -0.875192   -0.872766   -0.870338   -0.867909   -0.865478   -0.863046   -0.860612   -0.858177   -0.855741   -0.853296   -0.850844   -0.848391   -0.845939   -0.843486   -0.841033   -0.838579   -0.836127   -0.833675   -0.831223   -0.828768   -0.826305   -0.823844   -0.821384   -0.818925   -0.816467   -0.814011   -0.811557   -0.809102   -0.806648   -0.804194   -0.801729   -0.799267   -0.796805   -0.794344   -0.791883   -0.789424   -0.786965   -0.784509   -0.782053   -0.779599   -0.777132   -0.774668   -0.772207   -0.769749   -0.767294   -0.764841   -0.762388   -0.759935   -0.757484   -0.755036   -0.752577   -0.750116   -0.747656   -0.745197   -0.742741   -0.740284   -0.737828   -0.735375   -0.732922   -0.730469   -0.728008   -0.72554   -0.723072   -0.720606   -0.718139   -0.715671   -0.713204   -0.710738   -0.708271   -0.705803   -0.703331   -0.700849   -0.698365   -0.695883   -0.693401   -0.690922   -0.688444   -0.685967   -0.683493   -0.681022   -0.678551   -0.676066   -0.673581   -0.671098   -0.668618   -0.66614   -0.663662   -0.661184   -0.658708   -0.656234   -0.653761   -0.651274   -0.648786   -0.646299   -0.643812   -0.641325   -0.638838   -0.636352   -0.633868   -0.631382   -0.628898   -0.626404   -0.623902   -0.6214   -0.618897   -0.616394   -0.61389   -0.611386   -0.608882   -0.606379   -0.603876   -0.601368   -0.598851   -0.596334   -0.593817   -0.591301   -0.588785   -0.58627   -0.583753   -0.581237   -0.578722   -0.576207   -0.573678   -0.571149   -0.568621   -0.566092   -0.563564   -0.561038   -0.558511   -0.555983   -0.553456   -0.550927   -0.548381   -0.545835   -0.543287   -0.540739   -0.538191   -0.535641   -0.533091   -0.530539   -0.527984   -0.52543   -0.522863   -0.520292   -0.517722   -0.515152   -0.512582   -0.510011   -0.507442   -0.504874   -0.502305   -0.499736   -0.497159   -0.494571   -0.491982   -0.489392   -0.486802   -0.484211   -0.48162   -0.479027   -0.476432   -0.473838   -0.471239   -0.468625   -0.46601   -0.463395   -0.460779   -0.458161   -0.455543   -0.452924   -0.450302   -0.447679   -0.445055   -0.442409   -0.439762   -0.437111   -0.43446   -0.431808   -0.429154   -0.426499   -0.423842   -0.421184   -0.418524   -0.415844   -0.41316   -0.410474   -0.407785   -0.405096   -0.402407   -0.399715   -0.39702   -0.39432   -0.391619   -0.388903   -0.386172   -0.383438   -0.380704   -0.377967   -0.37523   -0.37249   -0.369748   -0.367004   -0.36426   -0.361502   -0.358724   -0.355942   -0.353157   -0.350367   -0.347576   -0.344785   -0.341991   -0.339193   -0.33639   -0.333583   -0.330743   -0.327899   -0.325051   -0.322201   -0.319345   -0.316484   -0.313621   -0.310753   -0.307881   -0.305003   -0.30209   -0.299169   -0.296244   -0.293313   -0.290374   -0.287428   -0.284479   -0.281527   -0.278572   -0.275611   -0.272622   -0.269611   -0.266595   -0.26357   -0.260537   -0.2575   -0.254459   -0.251413   -0.248361   -0.245303   -0.242221   -0.239103   -0.23598   -0.232849   -0.229712   -0.226566   -0.223411   -0.22025   -0.217078   -0.2139   -0.210706   -0.207459   -0.204203   -0.200939   -0.197661   -0.194372   -0.191072   -0.187761   -0.184437   -0.181109   -0.177771   -0.174361   -0.170934   -0.167486   -0.164017   -0.160528   -0.157018   -0.1535   -0.149967   -0.146402   -0.142766   -0.139082   -0.135359   -0.131615   -0.127864   -0.124095   -0.120299   -0.116467   -0.112597   -0.108706   -0.104792   -0.100337   -0.0962641   -0.0921816   -0.0880542   -0.0838728   -0.0796572   -0.0753934   -0.0710546   -0.0666307   -0.0620906   -0.0565496   -0.0503094   -0.0450944   -0.0400014   -0.0349265   -0.0296882   -0.0228675   -0.0172055   -0.0115505   -0.00586468   0   
loghinv(1) = 
0   0.080249   0.0821007   0.0838637   0.0849489   0.0856064   0.085976   0.0861387   0.0861427   0.086021   0.0857872   0.0854528   0.0850445   0.0845828   0.0840843   0.083561   0.0830199   0.0824587   0.0818629   0.0812175   0.0805239   0.0798018   0.0790763   0.0783647   0.0776734   0.0770046   0.0763584   0.0757341   0.0751309   0.0745473   0.0739822   0.0734336   0.0728993   0.0723808   0.071877   0.0713873   0.0709111   0.0704476   0.0699961   0.0695562   0.0691271   0.0687083   0.0682973   0.0678963   0.0675048   0.0671223   0.066749   0.0663854   0.0660295   0.0656793   0.0653357   0.0649989   0.064667   0.0643412   0.0640216   0.063708   0.0634002   0.0630981   0.0628013   0.0625099   0.0622237   0.0619424   0.061665   0.0613915   0.0611226   0.0608581   0.0605978   0.0603416   0.0600894   0.0598412   0.0595968   0.0593561   0.0591186   0.0588839   0.0586527   0.0584248   0.0582002   0.0579788   0.0577604   0.0575449   0.057332   0.0571218   0.0569139   0.0567077   0.0565038   0.0563024   0.0561032   0.0559063   0.0557115   0.0555189   0.0553284   0.05514   0.0549536   0.0547687   0.0545856   0.0544045   0.0542252   0.0540478   0.053872   0.053698   0.0535256   0.0533549   0.0531857   0.0530176   0.0528509   0.0526857   0.0525219   0.0523595   0.0521984   0.0520388   0.0518806   0.0517236   0.051568   0.0514134   0.0512598   0.0511075   0.0509562   0.0508061   0.0506571   0.0505092   0.0503622   0.0502162   0.0500711   0.0499268   0.0497831   0.0496401   0.0494978   0.0493563   0.0492155   0.0490754   0.0489361   0.0487975   0.0486597   0.0485226   0.0483861   0.0482502   0.048115   0.0479805   0.0478466   0.0477134   0.0475808   0.0474489   0.0473176   0.0471869   0.0470567   0.046927   0.0467978   0.0466691   0.0465409   0.0464131   0.0462857   0.0461588   0.0460323   0.0459062   0.0457806   0.0456553   0.0455304   0.0454059   0.0452817   0.045158   0.0450346   0.0449116   0.044789   0.0446668   0.0445451   0.0444238   0.0443029   0.0441825   0.0440625   0.043943   0.043824   0.0437054   0.0435872   0.0434694   0.0433519   0.043235   0.0431185   0.0430024   0.0428867   0.0427714   0.0426565   0.042542   0.0424278   0.0423138   0.0422002   0.042087   0.0419741   0.0418616   0.0417494   0.0416377   0.0415262   0.0414152   0.0413045   0.0411942   0.0410843   0.0409748   0.0408658   0.0407572   0.040649   0.0405412   0.0404337   0.0403267   0.04022   0.0401137   0.0400077   0.0399023   0.0397973   0.0396928   0.0395887   0.039485   0.0393817   0.0392788   0.0391762   0.0390739   0.0389719   0.0388703   0.0387692   0.0386685   0.0385681   0.0384681   0.0383684   0.038269   0.0381699   0.038071   0.0379724   0.0378741   0.0377763   0.0376788   0.0375816   0.0374847   0.0373882   0.0372919   0.0371961   0.0371005   0.0370052   0.0369103   0.0368159   0.0367217   0.036628   0.0365346   0.0364415   0.0363488   0.0362564   0.0361644   0.0360727   0.0359815   0.0358907   0.0358004   0.0357105   0.0356209   0.0355318   0.035443   0.0353545   0.0352663   0.0351784   0.0350907   0.0350034   0.0349166   0.03483   0.0347438   0.0346578   0.0345722   0.0344868   0.0344016   0.0343168   0.0342323   0.034148   0.0340643   0.0339808   0.0338976   0.0338148   0.0337322   0.03365   0.0335681   0.0334866   0.0334054   0.0333246   0.0332442   0.0331642   0.0330845   0.0330051   0.0329261   0.0328474   0.0327689   0.0326908   0.032613   0.0325355   0.0324584   0.0323817   0.0323052   0.0322289   0.0321528   0.0320769   0.0320012   0.0319257   0.0318504   0.0317753   0.0317005   0.031626   0.0315517   0.0314776   0.0314037   0.0313301   0.0312567   0.0311835   0.0311105   0.0310377   0.0309652   0.030893   0.0308211   0.0307494   0.0306779   0.0306066   0.0305355   0.0304647   0.0303941   0.0303237   0.0302535   0.0301836   0.0301139   0.0300444   0.0299751   0.0299059   0.0298369   0.0297681   0.0296993   0.0296308   0.0295624   0.0294942   0.0294262   0.0293584   0.0292906   0.029223   0.0291555   0.0290882   0.029021   0.0289539   0.0288869   0.0288202   0.0287538   0.0286875   0.0286214   0.0285554   0.0284896   0.028424   0.0283585   0.0282932   0.0282281   0.0281632   0.0280987   0.0280343   0.0279701   0.027906   0.027842   0.027778   0.0277142   0.0276505   0.0275869   0.0275233   0.02746   0.0273968   0.0273337   0.0272707   0.0272078   0.027145   0.0270823   0.0270198   0.0269574   0.0268952   0.0268332   0.0267714   0.0267097   0.0266482   0.0265868   0.0265256   0.0264645   0.0264035   0.0263427   0.026282   0.0262215   0.0261613   0.0261011   0.0260411   0.0259812   0.0259214   0.0258618   0.0258022   0.0257428   0.0256835   0.0256243   0.0255652   0.0255063   0.0254474   0.0253887   0.02533   0.0252714   0.0252129   0.0251545   0.0250962   0.025038   0.0249799   0.024922   0.0248641   0.0248064   0.0247487   0.0246911   0.0246336   0.0245761   0.0245188   0.0244615   0.0244045   0.0243475   0.0242907   0.0242339   0.0241772   0.0241206   0.0240641   0.0240077   0.0239514   0.0238952   0.0238391   0.0237831   0.0237272   0.0236714   0.0236156   0.0235599   0.0235042   0.0234486   0.0233931   0.0233376   0.0232822   0.023227   0.0231718   0.0231167   0.0230617   0.0230067   0.0229518   0.022897   0.0228422   0.0227876   0.022733   0.0226787   0.0226244   0.0225703   0.0225162   0.0224622   0.0224083   0.0223544   0.0223007   0.022247   0.0221934   0.02214   0.0220867   0.0220335   0.0219804   0.0219273   0.0218743   0.0218212   0.0217683   0.0217154   0.0216626   0.0216098   0.0215572   0.0215047   0.0214522   0.0213998   0.0213475   0.0212952   0.0212431   0.021191   0.0211389   0.021087   0.0210352   0.0209835   0.0209319   0.0208803   0.0208288   0.0207773   0.020726   0.0206747   0.0206235   0.0205723   0.0205213   0.0204704   0.0204195   0.0203688   0.020318   0.0202674   0.0202169   0.0201664   0.0201161   0.0200658   0.0200157   0.0199657   0.0199157   0.0198659   0.0198161   0.0197663   0.0197167   0.0196671   0.0196176   0.0195681   0.0195188   0.0194695   0.0194203   0.0193712   0.0193221   0.019273   0.0192241   0.0191752   0.0191263   0.0190775   0.0190288   0.0189803   0.0189317   0.0188833   0.0188349   0.0187867   0.0187385   0.0186904   0.0186424   0.0185945   0.0185468   0.0184992   0.0184516   0.0184041   0.0183566   0.0183093   0.018262   0.0182149   0.0181678   0.0181209   0.018074   0.0180273   0.0179807   0.0179341   0.0178876   0.0178412   0.0177949   0.0177486   0.0177024   0.0176563   0.0176102   0.0175643   0.0175184   0.0174727   0.017427   0.0173814   0.0173359   0.0172905   0.0172451   0.0171999   0.0171547   0.0171097   0.0170647   0.0170198   0.0169749   0.0169301   0.0168853   0.0168406   0.016796   0.0167514   0.0167068   0.0166623   0.0166178   0.0165734   0.016529   0.0164847   0.0164404   0.0163962   0.016352   0.016308   0.016264   0.01622   0.0161762   0.0161325   0.0160888   0.0160452   0.0160017   0.0159582   0.0159148   0.0158715   0.0158283   0.0157851   0.0157421   0.0156992   0.0156563   0.0156136   0.0155709   0.0155283   0.0154859   0.0154435   0.0154012   0.015359   0.0153168   0.0152748   0.0152328   0.0151908   0.015149   0.0151072   0.0150654   0.0150237   0.0149821   0.0149405   0.014899   0.0148575   0.0148161   0.0147748   0.0147335   0.0146923   0.0146511   0.01461   0.0145689   0.0145278   0.0144869   0.014446   0.0144052   0.0143645   0.0143238   0.0142832   0.0142426   0.014202   0.0141615   0.014121   0.0140807   0.0140404   0.0140002   0.01396   0.0139198   0.0138797   0.0138396   0.0137994   0.0137593   0.0137192   0.0136791   0.0136391   0.0135991   0.0135591   0.0135191   0.0134791   0.013439   0.013399   0.0133589   0.0133189   0.0132788   0.0132388   0.0131987   0.0131587   0.0131187   0.0130786   0.0130385   0.0129984   0.0129583   0.0129182   0.012878   0.0128378   0.0127976   0.0127574   0.0127172   0.012677   0.0126367   0.0125963   0.0125559   0.0125154   0.0124749   0.0124344   0.0123939   0.0123534   0.0123128   0.0122722   0.0122316   0.0121908   0.01215   0.0121091   0.0120682   0.0120272   0.0119863   0.0119454   0.0119044   0.0118634   0.0118223   0.0117812   0.0117401   0.0116989   0.0116577   0.0116164   0.0115752   0.0115341   0.0114929   0.0114517   0.0114105   0.0113692   0.011328   0.0112867   0.0112454   0.0112041   0.0111629   0.0111217   0.0110806   0.0110394   0.0109983   0.0109571   0.010916   0.0108748   0.0108337   0.0107926   0.0107515   0.0107106   0.0106697   0.0106288   0.010588   0.0105471   0.0105063   0.0104655   0.0104247   0.010384   0.0103433   0.0103028   0.0102623   0.010222   0.0101817   0.0101415   0.0101014   0.0100613   0.0100214   0.00998157   0.00994181   0.00990228   0.00986292   0.00982366   0.00978447   0.00974537   0.00970634   0.00966741   0.00962853   0.00958973   0.00955101   0.00951244   0.00947407   0.00943576   0.00939751   0.00935932   0.00932121   0.00928314   0.00924514   0.00920721   0.00916935   0.00913158   0.00909406   0.00905659   0.00901916   0.00898181   0.00894451   0.00890728   0.00887008   0.00883292   0.00879582   0.00875874   0.00872192   0.00868512   0.00864832   0.00861151   0.0085747   0.0085379   0.00850114   0.0084644   0.00842767   0.00839092   0.00835437   0.00831786   0.00828137   0.00824486   0.00820833   0.00817179   0.00813526   0.00809868   0.00806207   0.00802547   0.00798899   0.00795262   0.00791621   0.00787975   0.00784329   0.0078068   0.00777028   0.00773371   0.00769711   0.00766049   0.00762389   0.00758744   0.00755095   0.00751441   0.0074778   0.0074411   0.00740433   0.00736751   0.00733059   0.00729358   0.0072565   0.00721962   0.00718269   0.00714568   0.00710858   0.00707141   0.00703418   0.00699691   0.00695959   0.00692219   0.00688476   0.0068475   0.00681025   0.00677296   0.00673565   0.00669832   0.00666097   0.00662361   0.00658622   0.00654884   0.00651145   0.00647424   0.00643717   0.00640012   0.0063631   0.00632613   0.0062892   0.00625231   0.00621547   0.00617865   0.00614189   0.00610527   0.00606886   0.00603251   0.00599625   0.00596004   0.0059239   0.00588785   0.00585191   0.00581603   0.00578022   0.00574452   0.00570914   0.00567385   0.00563865   0.00560355   0.00556853   0.00553358   0.00549874   0.00546401   0.00542937   0.00539483   0.00536064   0.00532655   0.00529256   0.00525864   0.00522479   0.00519102   0.00515731   0.00512367   0.00509011   0.00505658   0.00502326   0.00499002   0.00495676   0.00492349   0.0048902   0.00485689   0.00482351   0.00479007   0.00475658   0.00472299   0.00468946   0.00465601   0.00462248   0.00458883   0.00455506   0.00452115   0.00448711   0.00445295   0.00441865   0.00438418   0.00434959   0.00431507   0.00428039   0.00424552   0.00421046   0.00417525   0.00413984   0.00410428   0.00406856   0.0040327   0.00399667   0.00396085   0.00392488   0.00388884   0.00385266   0.00381639   0.00378005   0.00374366   0.00370721   0.00367074   0.0036343   0.00359814   0.00356209   0.0035261   0.00349019   0.00345438   0.00341866   0.0033831   0.00334772   0.00331256   0.00327757   0.003243   0.00320887   0.00317496   0.00314124   0.00310776   0.00307448   0.00304141   0.00300857   0.0029759   0.00294338   0.0029112   0.00287946   0.00284786   0.00281637   0.00278496   0.00275354   0.00272207   0.00269056   0.00265898   0.00262731   0.00259549   0.00256395   0.0025322   0.00250017   0.00246781   0.00243515   0.00240216   0.00236875   0.00233494   0.00230074   0.00226616   0.00223168   0.00219688   0.0021617   0.00212621   0.00209051   0.0020546   0.00201851   0.00198227   0.00194597   0.00190974   0.00187401   0.0018388   0.00180385   0.00176934   0.00173529   0.00170173   0.00166868   0.00163619   0.00160427   0.00157297   0.00154247   0.00151301   0.00148399   0.00145538   0.00142705   0.00139895   0.00137093   0.00134284   0.00131463   0.00128607   0.00125719   0.00122849   0.00119908   0.00116895   0.00113809   0.00110643   0.001074   0.00104086   0.00100716   0.000972918   0.000938433   0.000904943   0.000871819   0.000839365   0.000807796   0.000777343   0.000748116   0.000719974   0.000693012   0.000667415   0.000643604   0.000620936   0.000598952   0.0005769   0.000554166   0.000530479   0.000505575   0.000479286   0.000451458   0.000421845   0.000390745   0.000367143   0.000336733   0.000306796   0.000278802   0.000253625   0.000231348   0.000212222   0.000196252   0.000182633   0.000170343   0.000171816   0.000179815   0.000164257   0.000139371   0.000108216   7.68841e-05   7.29754e-05   5.65814e-05   4.83886e-05   4.224e-05   3.54969e-05   
loghinv(2) = 
0   -0.0847768   -0.088572   -0.0895117   -0.0894597   -0.0889534   -0.0882   -0.0872962   -0.0862889   -0.0852055   -0.0840442   -0.0828011   -0.0815019   -0.0801629   -0.0787979   -0.0774186   -0.0760373   -0.0746634   -0.0733019   -0.0719581   -0.0706371   -0.0693405   -0.0680746   -0.0668451   -0.065652   -0.0644944   -0.063371   -0.0622804   -0.061221   -0.060191   -0.0591886   -0.0582103   -0.0572529   -0.0563189   -0.0554069   -0.0545156   -0.0536445   -0.0527921   -0.0519575   -0.0511398   -0.0503379   -0.0495511   -0.0487751   -0.0480136   -0.0472661   -0.046532   -0.0458115   -0.0451057   -0.0444112   -0.0437245   -0.0430474   -0.0423803   -0.0417199   -0.0410686   -0.0404266   -0.0397937   -0.0391696   -0.0385541   -0.037947   -0.0373483   -0.0367576   -0.0361748   -0.035598   -0.0350275   -0.0344644   -0.0339084   -0.0333594   -0.0328173   -0.0322821   -0.0317535   -0.0312315   -0.030716   -0.030206   -0.0297011   -0.0292023   -0.0287095   -0.0282227   -0.0277418   -0.0272664   -0.0267964   -0.0263314   -0.0258713   -0.0254158   -0.0249636   -0.0245161   -0.0240731   -0.0236348   -0.0232007   -0.0227711   -0.0223458   -0.0219248   -0.0215079   -0.0210953   -0.0206856   -0.0202799   -0.0198782   -0.0194803   -0.0190862   -0.0186957   -0.0183089   -0.0179256   -0.0175458   -0.0171692   -0.0167953   -0.0164244   -0.0160568   -0.0156924   -0.0153309   -0.0149726   -0.0146174   -0.0142654   -0.0139163   -0.0135702   -0.0132266   -0.0128855   -0.0125472   -0.0122116   -0.0118787   -0.0115485   -0.011221   -0.0108959   -0.0105733   -0.010253   -0.00993493   -0.00961866   -0.00930446   -0.00899229   -0.00868232   -0.00837448   -0.00806883   -0.00776532   -0.00746398   -0.0071648   -0.00686788   -0.00657284   -0.00627992   -0.00598914   -0.00570041   -0.00541372   -0.00512924   -0.00484687   -0.00456661   -0.00428843   -0.00401226   -0.00373793   -0.00346557   -0.00319513   -0.0029266   -0.00265985   -0.00239495   -0.0021318   -0.00187048   -0.00161098   -0.00135326   -0.00109736   -0.000843122   -0.000590644   -0.000339868   -9.08602e-05   0.000156416   0.000401956   0.000645861   0.000887954   0.00112822   0.00136665   0.00160324   0.00183801   0.00207094   0.00230198   0.00253116   0.00275845   0.00298388   0.00320756   0.00342962   0.00364987   0.00386822   0.00408479   0.00429963   0.00451268   0.00472399   0.00493355   0.0051415   0.0053479   0.00555278   0.0057561   0.00595778   0.00615781   0.00635624   0.00655309   0.0067483   0.00694194   0.00713394   0.00732437   0.00751325   0.00770052   0.00788604   0.00806989   0.00825214   0.00843284   0.00861198   0.00878959   0.0089657   0.00914034   0.00931346   0.00948509   0.00965511   0.00982349   0.00999036   0.0101557   0.0103196   0.0104821   0.0106433   0.0108031   0.0109618   0.0111192   0.0112754   0.01143   0.0115834   0.0117355   0.0118865   0.0120363   0.012185   0.0123327   0.0124795   0.0126252   0.01277   0.0129134   0.0130558   0.0131973   0.0133376   0.0134771   0.0136156   0.0137531   0.0138896   0.0140253   0.01416   0.0142936   0.0144262   0.014558   0.0146888   0.0148188   0.0149479   0.0150761   0.0152034   0.0153299   0.0154555   0.01558   0.0157035   0.015826   0.0159478   0.0160687   0.0161888   0.0163084   0.0164272   0.0165454   0.016663   0.0167799   0.0168959   0.0170113   0.017126   0.0172402   0.0173538   0.0174669   0.0175794   0.0176914   0.0178028   0.0179137   0.0180236   0.0181331   0.018242   0.0183503   0.0184581   0.0185653   0.0186719   0.0187779   0.0188833   0.0189881   0.0190921   0.0191955   0.0192983   0.0194006   0.0195024   0.0196036   0.0197043   0.0198045   0.0199042   0.0200034   0.020102   0.0201999   0.0202975   0.0203948   0.0204918   0.0205885   0.020685   0.0207811   0.0208769   0.0209725   0.0210676   0.0211622   0.0212565   0.0213505   0.0214442   0.0215376   0.0216306   0.0217233   0.0218157   0.0219078   0.0219996   0.0220907   0.0221815   0.022272   0.0223622   0.0224521   0.0225418   0.022631   0.02272   0.0228086   0.022897   0.0229848   0.0230723   0.0231597   0.0232467   0.0233337   0.0234204   0.0235069   0.0235932   0.0236793   0.0237652   0.0238507   0.023936   0.0240211   0.0241061   0.024191   0.0242757   0.0243602   0.0244446   0.0245287   0.0246127   0.0246964   0.0247796   0.0248626   0.0249454   0.025028   0.0251104   0.0251925   0.0252743   0.0253559   0.0254372   0.0255183   0.0255987   0.025679   0.0257589   0.0258387   0.0259183   0.0259979   0.0260773   0.0261566   0.0262358   0.0263149   0.0263935   0.026472   0.0265503   0.0266285   0.0267065   0.0267843   0.0268619   0.0269393   0.0270164   0.0270933   0.0271697   0.0272457   0.0273215   0.0273971   0.0274723   0.0275473   0.027622   0.0276964   0.0277706   0.0278444   0.0279178   0.0279908   0.0280634   0.0281358   0.028208   0.0282797   0.0283513   0.0284225   0.0284933   0.028564   0.0286342   0.028704   0.0287736   0.0288429   0.0289118   0.0289804   0.0290488   0.0291168   0.0291845   0.0292518   0.0293188   0.0293852   0.0294513   0.029517   0.0295824   0.0296474   0.029712   0.0297761   0.02984   0.0299034   0.0299664   0.0300287   0.0300906   0.030152   0.0302131   0.0302736   0.0303337   0.0303933   0.0304524   0.0305111   0.0305692   0.0306268   0.0306839   0.0307405   0.0307966   0.0308522   0.0309074   0.0309621   0.0310164   0.0310701   0.0311234   0.0311761   0.0312282   0.0312798   0.031331   0.0313816   0.0314316   0.0314812   0.0315303   0.0315788   0.0316268   0.0316741   0.0317208   0.0317668   0.0318123   0.0318572   0.0319016   0.0319455   0.0319889   0.0320317   0.032074   0.0321158   0.0321568   0.0321973   0.0322372   0.0322767   0.0323157   0.0323543   0.0323924   0.0324301   0.0324674   0.0325042   0.0325404   0.0325761   0.0326114   0.0326463   0.0326807   0.0327147   0.0327482   0.0327813   0.032814   0.0328462   0.032878   0.0329093   0.0329403   0.0329708   0.033001   0.0330308   0.0330603   0.0330894   0.0331181   0.0331465   0.0331746   0.0332023   0.0332296   0.0332567   0.0332834   0.0333099   0.033336   0.0333619   0.0333874   0.0334127   0.0334377   0.0334623   0.0334867   0.0335108   0.0335348   0.0335585   0.033582   0.0336053   0.0336285   0.0336514   0.0336743   0.0336969   0.0337193   0.0337417   0.0337639   0.0337861   0.0338082   0.0338302   0.0338521   0.0338738   0.0338956   0.0339172   0.0339387   0.0339602   0.0339816   0.0340029   0.0340242   0.0340454   0.0340665   0.0340875   0.0341085   0.0341294   0.0341502   0.0341711   0.0341919   0.0342128   0.0342337   0.0342546   0.0342755   0.0342964   0.0343173   0.0343381   0.034359   0.0343799   0.0344009   0.0344219   0.0344431   0.0344643   0.0344856   0.0345071   0.0345286   0.0345503   0.034572   0.0345938   0.0346157   0.0346377   0.0346598   0.034682   0.0347043   0.0347267   0.0347492   0.0347719   0.0347947   0.0348176   0.0348407   0.0348639   0.0348873   0.034911   0.0349348   0.0349588   0.034983   0.0350074   0.0350321   0.0350568   0.0350818   0.0351071   0.0351325   0.0351581   0.0351838   0.0352097   0.0352356   0.0352618   0.0352881   0.0353144   0.0353408   0.0353674   0.035394   0.0354207   0.0354475   0.0354744   0.0355014   0.0355285   0.0355556   0.0355826   0.0356096   0.0356367   0.0356638   0.0356909   0.0357178   0.0357447   0.0357716   0.0357984   0.0358252   0.0358519   0.0358785   0.0359051   0.0359315   0.0359579   0.0359842   0.0360103   0.0360363   0.0360621   0.0360879   0.0361134   0.0361387   0.0361638   0.0361886   0.0362132   0.0362376   0.0362617   0.0362855   0.036309   0.0363322   0.0363551   0.0363774   0.0363994   0.036421   0.0364421   0.0364628   0.0364831   0.036503   0.0365224   0.0365413   0.0365596   0.0365773   0.0365944   0.036611   0.0366271   0.0366427   0.0366577   0.0366722   0.0366861   0.0366994   0.0367122   0.0367243   0.0367357   0.0367465   0.0367567   0.0367663   0.0367753   0.0367836   0.0367913   0.0367984   0.0368048   0.0368105   0.0368155   0.0368197   0.0368234   0.0368264   0.0368287   0.0368303   0.0368313   0.0368317   0.0368314   0.0368305   0.0368287   0.0368264   0.0368234   0.0368198   0.0368156   0.0368108   0.0368055   0.0367996   0.0367931   0.0367861   0.0367783   0.0367699   0.036761   0.0367516   0.0367417   0.0367313   0.0367206   0.0367093   0.0366977   0.0366856   0.0366729   0.0366597   0.0366462   0.0366322   0.0366179   0.0366033   0.0365883   0.0365731   0.0365575   0.0365415   0.0365252   0.0365085   0.0364915   0.0364744   0.036457   0.0364394   0.0364217   0.0364038   0.0363858   0.0363676   0.0363492   0.0363305   0.0363117   0.0362929   0.0362741   0.0362553   0.0362365   0.0362177   0.0361989   0.0361802   0.0361615   0.0361425   0.0361237   0.036105   0.0360865   0.0360682   0.03605   0.036032   0.0360141   0.0359965   0.0359791   0.0359616   0.0359443   0.0359272   0.0359103   0.0358936   0.0358772   0.0358609   0.0358448   0.0358289   0.0358133   0.0357977   0.0357822   0.0357669   0.035752   0.0357372   0.0357228   0.0357086   0.0356947   0.035681   0.0356677   0.0356544   0.0356412   0.0356283   0.0356156   0.0356031   0.0355909   0.0355789   0.0355671   0.0355554   0.0355439   0.0355325   0.0355208   0.0355093   0.0354978   0.0354863   0.0354749   0.0354634   0.0354519   0.0354403   0.0354286   0.0354168   0.0354045   0.035392   0.0353793   0.0353664   0.0353533   0.0353399   0.035326   0.0353118   0.0352971   0.035282   0.0352661   0.0352495   0.0352323   0.0352145   0.0351961   0.0351769   0.0351571   0.0351365   0.0351152   0.0350929   0.0350696   0.0350451   0.0350198   0.0349935   0.0349663   0.034938   0.0349087   0.0348785   0.0348471   0.0348147   0.0347811   0.0347461   0.03471   0.0346728   0.0346345   0.0345953   0.034555   0.0345137   0.0344714   0.0344281   0.0343838   0.034338   0.0342913   0.0342437   0.0341951   0.0341458   0.0340955   0.0340444   0.0339925   0.0339399   0.0338865   0.033832   0.0337768   0.033721   0.0336647   0.0336078   0.0335504   0.0334926   0.0334344   0.0333759   0.0333171   0.0332578   0.033198   0.0331381   0.0330781   0.033018   0.0329579   0.0328978   0.0328379   0.0327781   0.0327185   0.032659   0.0325995   0.0325404   0.0324815   0.0324231   0.0323651   0.0323076   0.0322504   0.0321938   0.0321378   0.0320822   0.0320268   0.0319719   0.0319176   0.0318638   0.0318106   0.0317579   0.0317057   0.0316539   0.0316026   0.0315517   0.0315007   0.03145   0.0313995   0.0313493   0.0312992   0.0312492   0.0311992   0.0311491   0.0310989   0.0310484   0.0309974   0.0309458   0.0308938   0.0308412   0.030788   0.030734   0.0306792   0.0306235   0.0305667   0.0305087   0.0304493   0.0303882   0.0303256   0.0302615   0.0301957   0.0301283   0.0300591   0.029988   0.0299151   0.0298402   0.0297632   0.0296839   0.0296025   0.0295191   0.0294338   0.0293464   0.0292571   0.029166   0.0290729   0.0289781   0.0288816   0.0287829   0.0286827   0.028581   0.0284782   0.0283742   0.0282693   0.0281635   0.028057   0.02795   0.0278425   0.0277344   0.027626   0.0275177   0.0274097   0.027302   0.0271948   0.0270882   0.0269822   0.026877   0.0267726   0.0266687   0.0265654   0.026463   0.0263615   0.0262609   0.0261612   0.0260623   0.0259639   0.025866   0.0257685   0.0256709   0.0255726   0.0254739   0.0253747   0.0252745   0.0251733   0.0250708   0.0249665   0.0248602   0.0247515   0.0246402   0.0245251   0.0244068   0.0242851   0.0241599   0.0240308   0.0238977   0.0237608   0.0236197   0.0234747   0.0233257   0.023172   0.0230147   0.022854   0.0226904   0.022524   0.0223554   0.0221852   0.0220138   0.0218417   0.0216694   0.0214968   0.0213244   0.0211532   0.0209835   0.0208156   0.0206497   0.020486   0.0203244   0.0201647   0.0200066   0.0198491   0.0196914   0.0195337   0.0193751   0.0192149   0.0190521   0.0188858   0.0187152   0.0185393   0.0183573   0.0181685   0.0179711   0.0177662   0.0175536   0.0173333   0.0171058   0.0168717   0.0166318   0.0163874   0.0161399   0.0158906   0.0156391   0.0153884   0.0151395   0.0148932   0.0146498   0.0144091   0.0141706   0.0139328   0.013693   0.0134478   0.0131952   0.0129327   0.0126583   0.0123704   0.0120671   0.0117478   0.0114124   0.0110626   0.0107018   0.0103337   0.00994795   0.00957644   0.00921175   0.00885487   0.00850441   0.00815593   0.00780028   0.00742541   0.00701925   0.00657094   0.00604848   0.00545979   0.00486114   0.00424001   0.00361457   0.00300067   0.00236282   0.00175778   0.00110993   0.000459547   0.00024941   
loghinv(3) = 
0   -0.109312   0.00608777   0.0552686   0.083023   0.100486   0.112079   0.119989   0.125412   0.129101   0.131329   0.132227   0.13216   0.131337   0.129908   0.127979   0.125635   0.122886   0.119641   0.115816   0.111456   0.106724   0.101855   0.0970297   0.0923153   0.087742   0.0833214   0.079058   0.0749527   0.0709997   0.0671936   0.0635079   0.0599184   0.0564622   0.0531352   0.049931   0.0468496   0.0438829   0.041026   0.0382739   0.035621   0.0330628   0.0305555   0.0281445   0.0258262   0.023597   0.0214618   0.0194353   0.0174817   0.0155657   0.0137067   0.0119112   0.0101455   0.00843633   0.00678809   0.00519775   0.0036649   0.00218833   0.000765929   -0.00060248   -0.00191824   -0.00318363   -0.00441812   -0.00561758   -0.00677002   -0.00787677   -0.00894065   -0.00996008   -0.0109365   -0.0118714   -0.0127648   -0.0136178   -0.0144407   -0.015238   -0.0159974   -0.0167202   -0.0174066   -0.018057   -0.0186747   -0.0192619   -0.0198229   -0.0203569   -0.0208693   -0.0213719   -0.0218504   -0.0223054   -0.0227375   -0.0231482   -0.0235369   -0.0239047   -0.0242516   -0.0245784   -0.0248846   -0.0251839   -0.0254652   -0.0257277   -0.0259733   -0.0262028   -0.0264171   -0.0266158   -0.0268006   -0.0269715   -0.027131   -0.0272854   -0.0274307   -0.027564   -0.0276871   -0.0278002   -0.0279028   -0.027995   -0.0280755   -0.0281467   -0.028209   -0.0282658   -0.0283191   -0.0283638   -0.0284026   -0.0284342   -0.0284583   -0.0284765   -0.0284894   -0.0284979   -0.028503   -0.0285068   -0.0285127   -0.028518   -0.0285227   -0.0285257   -0.0285273   -0.0285269   -0.0285247   -0.0285205   -0.0285141   -0.0285049   -0.0284967   -0.0284869   -0.0284753   -0.0284627   -0.0284489   -0.0284328   -0.0284149   -0.0283952   -0.0283742   -0.0283524   -0.0283317   -0.0283108   -0.0282902   -0.02827   -0.0282515   -0.028234   -0.0282182   -0.0282039   -0.0281908   -0.0281793   -0.0281691   -0.0281615   -0.0281559   -0.0281529   -0.0281515   -0.0281521   -0.0281548   -0.0281603   -0.0281672   -0.0281749   -0.0281836   -0.028193   -0.0282031   -0.0282138   -0.0282248   -0.0282362   -0.0282475   -0.0282592   -0.0282724   -0.028288   -0.0283048   -0.0283211   -0.0283383   -0.028357   -0.0283764   -0.0283966   -0.0284181   -0.0284419   -0.0284689   -0.028499   -0.028532   -0.0285663   -0.0286024   -0.0286405   -0.0286806   -0.0287219   -0.0287651   -0.0288094   -0.0288553   -0.0289028   -0.0289514   -0.0289991   -0.0290465   -0.0290945   -0.0291436   -0.0291931   -0.0292434   -0.0292946   -0.0293466   -0.0293991   -0.029452   -0.0295037   -0.0295536   -0.0296031   -0.0296519   -0.0297005   -0.0297491   -0.0297982   -0.0298478   -0.0298989   -0.0299512   -0.0300037   -0.0300539   -0.030104   -0.030154   -0.0302043   -0.030255   -0.0303065   -0.0303595   -0.0304143   -0.0304704   -0.0305277   -0.0305819   -0.0306362   -0.0306908   -0.0307451   -0.0307994   -0.0308539   -0.0309078   -0.0309612   -0.0310144   -0.0310671   -0.0311169   -0.031165   -0.0312122   -0.0312583   -0.0313032   -0.0313469   -0.0313892   -0.0314297   -0.0314681   -0.031504   -0.0315364   -0.0315638   -0.0315883   -0.0316106   -0.0316302   -0.0316485   -0.0316657   -0.0316815   -0.0316966   -0.0317109   -0.0317227   -0.0317305   -0.0317371   -0.0317419   -0.0317455   -0.0317478   -0.031749   -0.031749   -0.0317478   -0.0317449   -0.0317401   -0.0317302   -0.0317185   -0.0317046   -0.031689   -0.0316709   -0.0316502   -0.0316264   -0.0315998   -0.0315701   -0.0315373   -0.0314986   -0.0314566   -0.0314116   -0.031364   -0.0313134   -0.0312596   -0.0312036   -0.0311449   -0.031083   -0.0310186   -0.0309494   -0.0308762   -0.0308016   -0.0307262   -0.0306498   -0.0305725   -0.0304943   -0.0304152   -0.030335   -0.0302537   -0.0301703   -0.030083   -0.0299943   -0.0299038   -0.0298119   -0.0297185   -0.0296234   -0.0295264   -0.0294278   -0.0293273   -0.029225   -0.0291174   -0.0290079   -0.0288968   -0.0287836   -0.0286687   -0.0285521   -0.0284334   -0.0283125   -0.0281895   -0.0280649   -0.0279352   -0.0278043   -0.0276723   -0.0275391   -0.0274053   -0.0272702   -0.0271342   -0.0269977   -0.0268598   -0.0267211   -0.0265793   -0.026436   -0.0262926   -0.0261491   -0.0260049   -0.0258605   -0.0257151   -0.0255689   -0.0254219   -0.0252741   -0.025124   -0.0249701   -0.0248157   -0.02466   -0.0245032   -0.0243447   -0.024185   -0.024024   -0.0238615   -0.0236972   -0.0235308   -0.0233601   -0.0231878   -0.0230141   -0.0228399   -0.0226659   -0.0224923   -0.0223186   -0.0221455   -0.0219731   -0.0218007   -0.0216256   -0.0214504   -0.0212755   -0.0211003   -0.0209254   -0.0207506   -0.0205756   -0.0204004   -0.0202246   -0.0200481   -0.0198686   -0.019688   -0.0195069   -0.0193253   -0.0191436   -0.0189616   -0.0187788   -0.0185959   -0.018413   -0.0182298   -0.0180446   -0.0178578   -0.017671   -0.0174852   -0.0172994   -0.0171134   -0.0169282   -0.0167432   -0.0165586   -0.0163751   -0.0161916   -0.0160071   -0.0158242   -0.0156426   -0.0154618   -0.015282   -0.0151039   -0.0149267   -0.0147508   -0.0145763   -0.0144032   -0.0142287   -0.0140559   -0.0138842   -0.0137141   -0.0135456   -0.0133785   -0.0132126   -0.0130485   -0.012886   -0.0127251   -0.0125635   -0.0124026   -0.0122435   -0.0120862   -0.01193   -0.0117751   -0.0116217   -0.0114701   -0.0113201   -0.0111718   -0.0110239   -0.0108774   -0.0107326   -0.0105898   -0.0104495   -0.010311   -0.0101746   -0.0100405   -0.00990858   -0.00977888   -0.00965036   -0.00952254   -0.00939705   -0.00927357   -0.00915212   -0.00903207   -0.00891437   -0.00879835   -0.00868393   -0.00857096   -0.00845916   -0.00834667   -0.00823526   -0.00812503   -0.0080162   -0.00790927   -0.00780372   -0.00769979   -0.00759749   -0.00749616   -0.00739611   -0.00729536   -0.00719545   -0.00709681   -0.00699943   -0.00690384   -0.00681044   -0.00671913   -0.00662922   -0.00654095   -0.00645402   -0.0063673   -0.00628105   -0.00619613   -0.0061122   -0.00602931   -0.00594763   -0.00586673   -0.00578648   -0.00570717   -0.00562838   -0.00554993   -0.00547106   -0.00539286   -0.00531533   -0.00523844   -0.00516219   -0.00508648   -0.00501126   -0.00493643   -0.00486193   -0.00478747   -0.00471234   -0.00463745   -0.00456274   -0.00448821   -0.00441394   -0.00433946   -0.0042648   -0.00418939   -0.0041135   -0.00403758   -0.00396006   -0.00388217   -0.00380426   -0.0037258   -0.00364715   -0.00356798   -0.00348872   -0.00340887   -0.00332897   -0.00324861   -0.00316717   -0.00308507   -0.00300277   -0.00292054   -0.00283791   -0.00275511   -0.00267177   -0.00258796   -0.00250333   -0.00241849   -0.00233231   -0.00224468   -0.00215653   -0.00206752   -0.00197719   -0.00188588   -0.00179352   -0.00169957   -0.00160386   -0.00150656   -0.00140749   -0.00130653   -0.00120487   -0.00110196   -0.000998389   -0.000893181   -0.000786666   -0.000678404   -0.000568755   -0.000457448   -0.000344172   -0.000228852   -0.000112055   5.98937e-06   0.000125221   0.000245638   0.000367097   0.000489783   0.000613434   0.000738278   0.000864326   0.000992383   0.00112191   0.00125275   0.00138501   0.00151885   0.00165395   0.0017907   0.0019292   0.00206883   0.00220981   0.00235236   0.00249602   0.00264061   0.00278625   0.00293245   0.00307904   0.00322652   0.00337491   0.00352345   0.0036724   0.00382193   0.0039723   0.00412275   0.00427329   0.0044244   0.00457638   0.00472907   0.00488246   0.00503697   0.00519197   0.00534769   0.0055051   0.0056633   0.00582215   0.00598196   0.00614239   0.00630359   0.00646543   0.00662783   0.00679064   0.00695443   0.0071198   0.00728614   0.0074528   0.00762035   0.00778864   0.00795831   0.008129   0.00830028   0.0084716   0.0086431   0.00881534   0.00898786   0.00916052   0.00933311   0.00950558   0.00967792   0.0098501   0.0100223   0.0101942   0.0103653   0.0105362   0.0107071   0.0108776   0.0110475   0.011217   0.0113859   0.0115543   0.011722   0.0118887   0.0120548   0.0122203   0.0123866   0.0125524   0.0127172   0.0128814   0.0130446   0.0132069   0.0133681   0.0135283   0.0136875   0.0138462   0.0140056   0.0141639   0.0143211   0.0144765   0.0146304   0.0147826   0.0149329   0.0150817   0.0152287   0.0153737   0.0155183   0.0156614   0.0158021   0.0159411   0.0160785   0.0162135   0.0163462   0.0164775   0.0166064   0.0167334   0.0168591   0.0169839   0.0171066   0.0172274   0.017346   0.0174629   0.0175778   0.0176905   0.0178013   0.0179099   0.0180171   0.018124   0.0182288   0.0183316   0.0184324   0.0185314   0.0186282   0.0187231   0.0188156   0.0189064   0.0189954   0.0190854   0.0191739   0.0192609   0.019346   0.0194294   0.0195106   0.0195902   0.0196683   0.0197451   0.0198202   0.0198964   0.0199717   0.0200464   0.0201202   0.0201927   0.0202642   0.0203351   0.0204054   0.0204753   0.0205449   0.0206157   0.0206874   0.0207592   0.0208305   0.0209019   0.0209731   0.0210442   0.0211153   0.0211867   0.0212585   0.0213321   0.0214082   0.0214848   0.0215617   0.021639   0.0217169   0.021795   0.0218739   0.0219539   0.0220342   0.0221161   0.022202   0.022289   0.0223764   0.0224647   0.0225535   0.0226434   0.0227345   0.0228266   0.0229197   0.0230138   0.0231124   0.0232124   0.0233138   0.0234175   0.023523   0.0236303   0.0237398   0.0238513   0.0239645   0.0240795   0.0241992   0.0243222   0.0244472   0.0245734   0.0247013   0.0248305   0.0249615   0.0250935   0.0252267   0.0253611   0.0254981   0.0256387   0.0257802   0.0259224   0.0260655   0.0262093   0.0263536   0.0264985   0.0266443   0.0267908   0.0269383   0.0270899   0.0272416   0.0273935   0.0275458   0.0276984   0.0278512   0.0280036   0.0281559   0.0283078   0.0284593   0.0286147   0.0287691   0.0289222   0.0290737   0.0292238   0.0293727   0.0295207   0.0296677   0.0298131   0.0299567   0.0301021   0.030247   0.0303903   0.0305313   0.03067   0.0308067   0.0309414   0.0310732   0.0312024   0.0313296   0.031457   0.0315845   0.0317091   0.0318305   0.0319496   0.0320659   0.0321794   0.0322897   0.0323972   0.032502   0.032605   0.0327087   0.0328095   0.032907   0.0330011   0.0330913   0.0331782   0.0332618   0.0333416   0.0334175   0.0334903   0.0335651   0.0336371   0.0337058   0.0337711   0.0338333   0.033893   0.0339504   0.0340052   0.0340572   0.0341073   0.0341597   0.0342111   0.0342605   0.0343085   0.0343553   0.0344007   0.034445   0.0344879   0.0345304   0.0345719   0.0346163   0.0346628   0.0347092   0.0347555   0.0348023   0.0348496   0.034897   0.0349448   0.0349929   0.0350415   0.0350925   0.0351474   0.035203   0.0352598   0.0353174   0.035376   0.0354359   0.0354976   0.0355603   0.0356238   0.0356893   0.0357605   0.0358332   0.0359074   0.0359832   0.0360602   0.0361384   0.0362183   0.0362999   0.036383   0.0364678   0.0365592   0.0366524   0.0367469   0.0368425   0.0369394   0.0370372   0.0371358   0.0372355   0.0373361   0.0374369   0.0375413   0.0376467   0.0377509   0.0378542   0.0379563   0.0380571   0.0381557   0.0382519   0.0383459   0.0384369   0.0385278   0.0386188   0.0387066   0.0387906   0.0388706   0.0389463   0.0390175   0.0390845   0.0391468   0.0392038   0.0392567   0.039309   0.0393561   0.0393976   0.0394334   0.0394644   0.0394896   0.0395096   0.0395249   0.0395355   0.0395409   0.0395486   0.039552   0.0395518   0.0395472   0.039539   0.0395274   0.0395128   0.0394951   0.039475   0.0394529   0.0394343   0.039415   0.0393944   0.0393724   0.0393493   0.0393248   0.0392999   0.0392751   0.0392507   0.039226   0.0392057   0.0391898   0.0391742   0.0391583   0.0391429   0.0391274   0.0391119   0.039097   0.0390816   0.0390657   0.0390527   0.0390452   0.0390371   0.0390281   0.039018   0.0390048   0.0389885   0.0389687   0.0389456   0.0389185   0.0388866   0.0388586   0.0388247   0.0387839   0.0387353   0.0386795   0.0386159   0.0385432   0.0384618   0.0383717   0.0382731   0.038176   0.0380713   0.0379581   0.0378373   0.0377106   0.0375774   0.0374374   0.0372908   0.0371383   0.0369813   0.0368277   0.0366762   0.036521   0.0363643   0.0362058   0.036045   0.0358818   0.0357166   0.0355497   0.0353814   0.0352164   0.0350592   0.0348989   0.0347356   0.0345679   0.034396   0.0342182   0.0340327   0.0338403   0.0336379   0.0334277   0.0332209   0.0330017   0.0327704   0.0325281   0.0322733   0.0320064   0.0317271   0.031436   0.0311302   0.0308113   0.0304989   0.0301747   0.0298389   0.02949   0.0291276   0.0287499   0.0283515   0.0279334   0.0274997   0.0270611   0.026609   0.02614   0.0256467   0.0251257   0.024581   0.0240169   0.0234378   0.0228454   0.0222347   0.0216053   0.0211222   0.0204836   0.0198108   0.0191088   0.0183722   0.0175832   0.0167325   0.0158144   0.0148205   0.0137551   0.0129023   0.0121549   0.010928   0.00947398   0.00780328   0.00601666   0.00469359   0.00308682   0.00170094   0.00074466   0.000291588   
loghinv(4) = 
0   0.512071   0.367074   0.287033   0.227831   0.179587   0.138235   0.101701   0.0687868   0.0387244   0.010937   -0.0150642   -0.0397045   -0.0633698   -0.0863499   -0.108701   -0.129938   -0.148502   -0.161425   -0.165588   -0.16069   -0.149761   -0.136313   -0.122546   -0.109454   -0.0973772   -0.086366   -0.0763586   -0.0672587   -0.0589663   -0.0513889   -0.0444463   -0.0380695   -0.0321951   -0.026771   -0.0217529   -0.0171021   -0.0127858   -0.00877506   -0.00504469   -0.00157269   0.0016606   0.0046696   0.00747339   0.0100858   0.0125193   0.0147858   0.0168967   0.0188588   0.0206784   0.0223645   0.0239251   0.0253642   0.0266901   0.0279087   0.0290251   0.0300441   0.0309703   0.0318077   0.0325604   0.033232   0.0338259   0.0343439   0.0347895   0.0351665   0.0354776   0.0357253   0.0359121   0.0360405   0.0361126   0.0361305   0.0360964   0.0360115   0.0358774   0.0356969   0.0354717   0.0352035   0.034894   0.0345446   0.0341567   0.0337317   0.033271   0.0327757   0.0322466   0.0316859   0.0310951   0.0304755   0.0298283   0.0291549   0.0284565   0.0277345   0.02699   0.0262243   0.0254378   0.0246324   0.0238095   0.0229701   0.0221153   0.0212465   0.0203647   0.019471   0.0185667   0.0176527   0.0167298   0.0157995   0.0148631   0.0139217   0.0129765   0.0120287   0.0110792   0.0101296   0.00918079   0.00823383   0.00728963   0.00634908   0.00541387   0.00448482   0.00356312   0.00264988   0.00174605   0.000852552   -2.94564e-05   -0.000899141   -0.00175566   -0.00259829   -0.0034259   -0.00423769   -0.00503251   -0.00580964   -0.00656823   -0.00730753   -0.00802681   -0.00872544   -0.00940261   -0.0100581   -0.0106911   -0.0113011   -0.0118879   -0.0124509   -0.0129898   -0.0135042   -0.013994   -0.0144591   -0.0148993   -0.0153147   -0.0157052   -0.0160709   -0.0164118   -0.0167282   -0.0170202   -0.0172881   -0.0175321   -0.0177526   -0.0179499   -0.0181243   -0.0182765   -0.0184067   -0.0185156   -0.0186035   -0.0186711   -0.0187189   -0.0187475   -0.0187574   -0.0187493   -0.0187236   -0.0186811   -0.0186223   -0.018548   -0.0184586   -0.018355   -0.0182377   -0.0181074   -0.0179647   -0.0178105   -0.0176452   -0.0174694   -0.0172837   -0.0170889   -0.0168854   -0.0166739   -0.0164549   -0.0162292   -0.0159972   -0.0157596   -0.0155168   -0.0152693   -0.0150175   -0.014762   -0.0145032   -0.0142416   -0.0139775   -0.0137114   -0.0134437   -0.0131749   -0.0129053   -0.012635   -0.0123645   -0.0120943   -0.0118246   -0.0115558   -0.0112881   -0.011022   -0.0107576   -0.0104952   -0.0102352   -0.0099775   -0.00972245   -0.00947036   -0.00922139   -0.00897584   -0.00873392   -0.00849583   -0.0082618   -0.00803204   -0.00780669   -0.00758588   -0.00736956   -0.00715804   -0.00695145   -0.00674995   -0.00655365   -0.00636273   -0.00617734   -0.00599759   -0.00582355   -0.00565528   -0.00549256   -0.00533572   -0.00518483   -0.00503989   -0.004901   -0.0047682   -0.00464152   -0.00452098   -0.00440664   -0.0042985   -0.00419643   -0.0041005   -0.00401082   -0.00392736   -0.00385012   -0.00377911   -0.00371429   -0.00365562   -0.00360308   -0.0035566   -0.0035161   -0.00348143   -0.0034527   -0.00342994   -0.00341305   -0.00340211   -0.00339705   -0.00339783   -0.00340441   -0.00341673   -0.0034346   -0.00345784   -0.00348657   -0.00352067   -0.00356011   -0.00360479   -0.00365464   -0.00370955   -0.00376943   -0.00383414   -0.00390358   -0.00397739   -0.0040557   -0.00413839   -0.00422536   -0.00431644   -0.00441153   -0.00451045   -0.00461307   -0.00471929   -0.00482895   -0.00494173   -0.00505769   -0.00517671   -0.00529867   -0.00542341   -0.00555078   -0.00568071   -0.00581304   -0.00594756   -0.00608419   -0.00622262   -0.00636274   -0.00650462   -0.00664816   -0.00679318   -0.00693953   -0.00708708   -0.00723568   -0.00738516   -0.0075354   -0.00768613   -0.00783711   -0.00798838   -0.00813974   -0.0082911   -0.00844231   -0.00859319   -0.0087436   -0.00889345   -0.00904253   -0.00919078   -0.00933775   -0.00948358   -0.00962818   -0.00977137   -0.00991307   -0.0100532   -0.0101915   -0.0103279   -0.0104624   -0.0105948   -0.0107248   -0.0108526   -0.010978   -0.0111011   -0.0112216   -0.0113396   -0.0114549   -0.0115675   -0.0116772   -0.0117841   -0.0118878   -0.0119885   -0.0120862   -0.0121809   -0.0122724   -0.0123607   -0.0124457   -0.0125274   -0.0126058   -0.0126809   -0.0127524   -0.0128204   -0.0128849   -0.012946   -0.0130036   -0.0130576   -0.0131082   -0.0131553   -0.0131989   -0.0132389   -0.0132755   -0.0133084   -0.0133378   -0.0133638   -0.0133864   -0.0134059   -0.0134221   -0.0134351   -0.013445   -0.0134518   -0.0134555   -0.013456   -0.0134535   -0.0134481   -0.0134397   -0.0134285   -0.0134146   -0.0133979   -0.0133785   -0.0133564   -0.0133317   -0.0133043   -0.0132744   -0.0132421   -0.0132074   -0.0131705   -0.0131314   -0.0130901   -0.0130468   -0.0130015   -0.0129542   -0.012905   -0.0128538   -0.012801   -0.0127466   -0.0126906   -0.0126331   -0.0125742   -0.0125139   -0.0124524   -0.0123897   -0.0123258   -0.0122608   -0.0121947   -0.0121279   -0.0120601   -0.0119915   -0.0119223   -0.0118523   -0.0117818   -0.0117107   -0.0116392   -0.0115671   -0.0114945   -0.0114217   -0.0113486   -0.0112753   -0.0112019   -0.0111283   -0.0110547   -0.010981   -0.0109074   -0.0108337   -0.0107601   -0.0106866   -0.0106134   -0.0105403   -0.0104675   -0.0103949   -0.0103228   -0.0102509   -0.0101795   -0.0101085   -0.0100379   -0.00996773   -0.00989813   -0.00982912   -0.00976068   -0.00969285   -0.00962568   -0.00955914   -0.00949329   -0.00942804   -0.00936339   -0.00929947   -0.00923625   -0.00917377   -0.00911197   -0.00905093   -0.00899062   -0.00893103   -0.00887215   -0.00881398   -0.00875636   -0.00869943   -0.00864321   -0.00858769   -0.00853292   -0.00847885   -0.00842548   -0.00837282   -0.0083208   -0.00826945   -0.00821859   -0.00816834   -0.0081187   -0.00806967   -0.00802126   -0.00797348   -0.00792631   -0.00787968   -0.00783358   -0.00778797   -0.00774274   -0.00769789   -0.00765346   -0.00760938   -0.00756563   -0.00752221   -0.00747905   -0.0074361   -0.00739336   -0.00735076   -0.00730825   -0.00726575   -0.0072233   -0.00718086   -0.0071384   -0.00709587   -0.00705323   -0.00701044   -0.00696746   -0.00692423   -0.0068807   -0.00683678   -0.00679249   -0.00674779   -0.00670264   -0.006657   -0.0066108   -0.00656401   -0.00651652   -0.00646835   -0.00641946   -0.00636972   -0.00631916   -0.00626778   -0.00621551   -0.00616233   -0.00610819   -0.00605307   -0.00599691   -0.00593971   -0.00588142   -0.00582196   -0.00576133   -0.00569953   -0.00563656   -0.00557235   -0.0055069   -0.00544016   -0.00537211   -0.00530272   -0.00523199   -0.00515983   -0.00508623   -0.00501123   -0.00493481   -0.0048569   -0.00477755   -0.00469671   -0.00461437   -0.0045305   -0.00444511   -0.0043582   -0.00426975   -0.00417985   -0.00408848   -0.00399568   -0.0039014   -0.00380566   -0.00370846   -0.00360981   -0.00350974   -0.00340824   -0.00330532   -0.00320104   -0.00309543   -0.00298854   -0.0028804   -0.00277103   -0.00266045   -0.00254872   -0.00243583   -0.00232185   -0.00220673   -0.00209056   -0.00197337   -0.00185521   -0.00173609   -0.00161608   -0.0014952   -0.00137348   -0.001251   -0.0011278   -0.00100388   -0.000879358   -0.000754267   -0.000628649   -0.000502592   -0.00037614   -0.000249305   -0.000122146   5.2442e-06   0.000132835   0.000260587   0.000388483   0.000516423   0.000644346   0.000772247   0.000900102   0.00102784   0.00115546   0.00128288   0.00141006   0.00153695   0.00166358   0.00178983   0.00191569   0.00204109   0.00216598   0.00229034   0.00241412   0.00253725   0.00265973   0.00278153   0.00290264   0.00302303   0.00314258   0.00326131   0.00337921   0.00349624   0.00361238   0.00372757   0.00384174   0.00395487   0.004067   0.00417805   0.004288   0.00439681   0.00450448   0.00461098   0.00471631   0.00482045   0.00492337   0.00502504   0.0051255   0.00522475   0.00532277   0.00541954   0.00551506   0.00560935   0.0057024   0.00579422   0.00588479   0.00597415   0.00606232   0.00614941   0.00623533   0.0063201   0.00640375   0.00648626   0.00656768   0.00664802   0.00672731   0.00680559   0.00688293   0.00695943   0.00703501   0.0071097   0.00718349   0.00725646   0.0073286   0.00739997   0.00747062   0.00754059   0.0076099   0.00767872   0.00774701   0.00781476   0.00788206   0.00794897   0.00801551   0.0080817   0.00814767   0.00821342   0.008279   0.00834454   0.0084101   0.00847566   0.00854127   0.00860698   0.00867286   0.00873895   0.00880529   0.00887193   0.00893891   0.00900635   0.00907436   0.00914286   0.00921191   0.00928154   0.00935181   0.00942274   0.00949437   0.00956673   0.00963989   0.00971388   0.00978892   0.00986487   0.00994176   0.0100196   0.0100984   0.0101781   0.0102589   0.0103406   0.0104235   0.0105074   0.0105925   0.0106787   0.0107661   0.0108545   0.010944   0.0110346   0.0111262   0.011219   0.0113128   0.0114076   0.0115036   0.0116006   0.0116987   0.0117976   0.0118974   0.0119981   0.0120996   0.0122019   0.0123048   0.0124085   0.0125129   0.012618   0.0127235   0.0128296   0.0129359   0.0130426   0.0131494   0.0132564   0.0133635   0.0134706   0.0135776   0.0136847   0.0137916   0.0138981   0.0140041   0.0141097   0.0142146   0.0143188   0.0144222   0.0145248   0.0146264   0.0147271   0.0148267   0.0149251   0.0150222   0.015118   0.0152122   0.0153049   0.0153959   0.0154852   0.0155726   0.0156583   0.0157421   0.0158238   0.0159033   0.0159804   0.0160552   0.0161276   0.0161975   0.0162647   0.0163292   0.0163912   0.0164505   0.0165069   0.0165604   0.0166109   0.0166583   0.0167027   0.0167439   0.0167821   0.016817   0.0168488   0.0168776   0.0169031   0.0169253   0.0169443   0.0169601   0.0169725   0.0169817   0.0169876   0.0169902   0.0169897   0.0169862   0.0169796   0.0169698   0.0169568   0.0169409   0.0169219   0.0169   0.0168753   0.0168478   0.0168176   0.016785   0.0167499   0.0167124   0.0166726   0.0166304   0.0165862   0.0165398   0.0164915   0.0164413   0.0163895   0.0163362   0.0162816   0.0162256   0.0161684   0.01611   0.0160506   0.0159903   0.0159292   0.0158674   0.0158051   0.0157425   0.0156797   0.0156168   0.0155537   0.0154906   0.0154274   0.0153645   0.0153017   0.0152393   0.0151772   0.0151156   0.0150549   0.0149948   0.0149355   0.0148767   0.0148188   0.0147617   0.0147054   0.0146501   0.0145956   0.0145421   0.0144898   0.0144385   0.0143882   0.0143388   0.0142903   0.0142428   0.014196   0.0141501   0.014105   0.0140606   0.0140171   0.0139744   0.0139322   0.0138905   0.0138492   0.0138081   0.0137672   0.0137264   0.0136855   0.0136445   0.0136032   0.0135618   0.0135198   0.0134771   0.0134336   0.013389   0.0133434   0.0132964   0.013248   0.0131979   0.0131461   0.0130927   0.0130371   0.0129793   0.0129191   0.0128563   0.0127908   0.0127224   0.012651   0.0125765   0.0124987   0.012418   0.0123339   0.0122462   0.0121549   0.01206   0.0119614   0.0118591   0.011753   0.0116434   0.0115301   0.0114135   0.0112936   0.0111702   0.0110436   0.010914   0.0107816   0.0106464   0.0105089   0.0103693   0.0102278   0.010085   0.00994125   0.00979673   0.00965174   0.00950669   0.00936197   0.00921798   0.00907519   0.00893399   0.00879475   0.00865798   0.0085244   0.00839406   0.00826734   0.00814462   0.00802634   0.00791275   0.00780429   0.00770125   0.00760392   0.00751253   0.00742784   0.00734956   0.00727791   0.00721296   0.00715485   0.00710367   0.00705946   0.00702219   0.00699186   0.0069684   0.00695207   0.0069424   0.0069391   0.00694192   0.00695054   0.0069646   0.00698377   0.00700763   0.00703572   0.00706747   0.00710262   0.00714058   0.00718044   0.00722147   0.00726307   0.00730453   0.00734516   0.00738435   0.00742138   0.00745565   0.00748687   0.00751472   0.00753834   0.00755738   0.00757157   0.00758064   0.00758453   0.00758331   0.00757716   0.00756633   0.00755118   0.00753281   0.00751112   0.0074867   0.00746021   0.00743249   0.00740431   0.00737638   0.00734958   0.00732472   0.0073026   0.00728465   0.0072709   0.00726187   0.00725812   0.00726018   0.00726831   0.00728263   0.0073032   0.00732991   0.00736257   0.00740124   0.00744509   0.00749276   0.0075432   0.00759496   0.0076463   0.0076953   0.0077399   0.00777789   0.00780701   0.00782534   0.00783106   0.00782148   0.00779503   0.00775045   0.00768715   0.00760494   0.0075043   0.0073865   0.00725315   0.00710685   0.00695133   0.00678872   0.00662273   0.0064572   0.00629584   0.0061424   0.00600037   0.00587287   0.00576223   0.00567033   0.00559932   0.0055474   0.0055126   0.00549117   0.00547771   0.00546507   0.00544456   0.00540722   0.00534436   0.00524865   0.00511319   0.00493403   0.00471014   0.00444429   0.00414339   0.00381775   0.00348052   0.0031468   0.00283234   0.00255295   0.00233433   0.00216383   0.00205219   0.00199222   0.00196567   0.00194481   0.00189802   0.00179495   0.00161188   0.00133904   0.00100759   0.000649728   0.000297565   6.72686e-05   3.80877e-05   0.000207443   0.000477216   0.000569344   0.000312613   -0.000254392   9.4596e-05   
